Ref: 3521 - 2025-12-04 08:12:39.753140
Ref: 7067 - 2025-12-04 08:12:39.914014
